{
 "cells": [
  {
   "cell_type": "markdown",
   "id": "1df65f84-47c6-4a6e-81f3-9f6d88032be5",
   "metadata": {},
   "source": [
    "# SVD Implementation\n",
    "write python code to compute SVD"
   ]
  },
  {
   "cell_type": "code",
   "execution_count": 1,
   "id": "e65ea4b5-83a7-4900-90f9-32e2f4d4a6e6",
   "metadata": {},
   "outputs": [],
   "source": [
    "import numpy as np\n",
    "from sympy import symbols\n",
    "from sympy.solvers import solve"
   ]
  },
  {
   "cell_type": "code",
   "execution_count": 2,
   "id": "4e0b0387-75f4-4047-91ca-61d980b9d2be",
   "metadata": {},
   "outputs": [],
   "source": [
    "# make orthogonal matrix by using exisiting orthogonal vectors in matrix\n",
    "def make_orthogonal(matrix, non_zero_eig):\n",
    "    dim = matrix.shape[0]\n",
    "    \n",
    "    # The matrix is already orthogonal\n",
    "    if non_zero_eig == dim:\n",
    "        return matrix\n",
    "    \n",
    "    # Create dim amount of variables\n",
    "    v = symbols('v0:'+str(dim))\n",
    "    \n",
    "    # Every eigenvector that correspond to a non-zero eigenvalue forms a linear equation\n",
    "    eq = [0]*non_zero_eig\n",
    "    \n",
    "    # The new orthogonal vector must have a dot product of zero with other exist vector in matrix\n",
    "    for i in range(0,non_zero_eig):\n",
    "        for j in range(0,dim):\n",
    "            eq[i] += matrix[:,i][j]*v[j] \n",
    "     \n",
    "    # Solve the system of linear equations\n",
    "    eq_tup = tuple(eq)\n",
    "    ans = solve(tuple(eq),v) \n",
    "    unknown_dim = dim - non_zero_eig\n",
    "    \n",
    "    # Variables that need to be used for substitution\n",
    "    sub = []\n",
    "    for i in range(1, unknown_dim+1):\n",
    "        sub.append((v[-1*i],1))\n",
    "    \n",
    "    # Free variables will be set to 1 automatically\n",
    "    vec = np.ones((dim,1))\n",
    "    for i in range(0, non_zero_eig):\n",
    "        vec[i] = ans[v[i]].subs(sub)\n",
    "    matrix[:,non_zero_eig:non_zero_eig+1] = vec/np.linalg.norm(vec)\n",
    "    \n",
    "    # Every recursion of make_orthogonal add one more orthogonal basis to the matrix\n",
    "    return make_orthogonal(matrix, non_zero_eig+1)"
   ]
  },
  {
   "cell_type": "code",
   "execution_count": 3,
   "id": "d6c68c27-a7c0-486f-876b-6c7ffe47f4e8",
   "metadata": {},
   "outputs": [],
   "source": [
    "def my_SVD(A):\n",
    "    # rows of A\n",
    "    m = A.shape[0]\n",
    "    # columns of A\n",
    "    n = A.shape[1]\n",
    "    \n",
    "    # Find Eigenvectors of AA_T\n",
    "    Uw, U = np.linalg.eig(A.dot(A.T))\n",
    "    # Sort the eigenvalue and eigenvector\n",
    "    idx = Uw.argsort()[::-1]   \n",
    "    Uw = Uw[idx]\n",
    "    U = U[:,idx]\n",
    "    \n",
    "    # Find Eigenvectors of A_TA\n",
    "    Vw, V = np.linalg.eig(A.T.dot(A))\n",
    "    # Sort the eigenvalue and eigenvector\n",
    "    idx = Vw.argsort()[::-1]   \n",
    "    Vw = Vw[idx]\n",
    "    V = V[:,idx]\n",
    "\n",
    "    # Choose the smaller dimension size\n",
    "    w = Uw if m<n else Vw\n",
    "    # Make small negative value zero\n",
    "    w[np.where(w<0)] = 1e-30\n",
    "    w = np.sqrt(w)\n",
    "    # Find the amount of non-zero singular value\n",
    "    non_zero_eig = w[np.where(w>1e-10)].size\n",
    "    \n",
    "    # Sigma\n",
    "    S = np.zeros((m,n))\n",
    "    np.fill_diagonal(S, w)\n",
    "    \n",
    "    # w * w_r = 1\n",
    "    w_r = np.reciprocal(w)\n",
    "    if m>n:\n",
    "        # Inverse of Sigma\n",
    "        S_inv = np.zeros((n,m))\n",
    "        np.fill_diagonal(S_inv, w_r)\n",
    "        # Calculalte U by A V S_inv\n",
    "        U = A.dot(V).dot(S_inv)\n",
    "        \n",
    "    else:\n",
    "        # Inverse of Sigma_T\n",
    "        S_T_inv = np.zeros((m,n))\n",
    "        np.fill_diagonal(S_T_inv, w_r)\n",
    "        # Calculate V by A_T U S_T_inv\n",
    "        V = A.T.dot(U).dot(S_T_inv)\n",
    "        \n",
    "    # Make U orthogonal\n",
    "    U = make_orthogonal(U, non_zero_eig)\n",
    "    \n",
    "    # Make V orthogonal\n",
    "    V = make_orthogonal(V, non_zero_eig)\n",
    "    \n",
    "    return U, S, V.T"
   ]
  },
  {
   "cell_type": "markdown",
   "id": "55b8f8ea-2d37-4040-a092-5131434e8e00",
   "metadata": {},
   "source": [
    "### Examine the correctness of my_SVD"
   ]
  },
  {
   "cell_type": "code",
   "execution_count": 4,
   "id": "9d308fc7-d047-4bae-9073-c5dcee51dc6b",
   "metadata": {},
   "outputs": [
    {
     "name": "stdout",
     "output_type": "stream",
     "text": [
      "U:\n",
      "[[-0.1315692   0.76334104  0.54433105  0.32203059]\n",
      " [-0.30275977  0.47182861 -0.81649658  0.13801311]\n",
      " [-0.47395035  0.18031617  0.13608276 -0.85108086]\n",
      " [-0.81633151 -0.4027087   0.13608276  0.39103715]]\n",
      "S:\n",
      "[[16.47678113  0.        ]\n",
      " [ 0.          0.71811111]\n",
      " [ 0.          0.        ]\n",
      " [ 0.          0.        ]]\n",
      "V_T:\n",
      "[[-0.65283284 -0.757502  ]\n",
      " [-0.757502    0.65283284]]\n",
      "Examine SVD\n",
      "USV_T (Should be a):\n",
      "[[ 1.  2.]\n",
      " [ 3.  4.]\n",
      " [ 5.  6.]\n",
      " [ 9. 10.]]\n",
      "Examine the orthogonal property\n",
      "UU_T (Should be I):\n",
      "[[ 1.00000000e+00 -1.15116250e-14 -4.88498131e-15  8.99280650e-15]\n",
      " [-1.15116250e-14  1.00000000e+00 -3.35842465e-15  5.55805402e-15]\n",
      " [-4.88498131e-15 -3.35842465e-15  1.00000000e+00  2.27595720e-15]\n",
      " [ 8.99280650e-15  5.55805402e-15  2.27595720e-15  1.00000000e+00]]\n",
      "U_TU (Should be I)\n",
      "[[ 1.00000000e+00  1.38777878e-15 -1.66533454e-16 -3.33066907e-16]\n",
      " [ 1.38777878e-15  1.00000000e+00 -1.31838984e-16  2.22044605e-16]\n",
      " [-1.66533454e-16 -1.31838984e-16  1.00000000e+00 -1.52655666e-16]\n",
      " [-3.33066907e-16  2.22044605e-16 -1.52655666e-16  1.00000000e+00]]\n",
      "VV_T (Should be I):\n",
      "[[1. 0.]\n",
      " [0. 1.]]\n",
      "V_TV (Should be I)\n",
      "[[1. 0.]\n",
      " [0. 1.]]\n"
     ]
    }
   ],
   "source": [
    "a = np.array([[1,2],\n",
    "              [3,4],\n",
    "              [5,6],\n",
    "              [9,10]])\n",
    "aU, aS, aV_T = my_SVD(a)\n",
    "print(\"U:\")\n",
    "print(aU)\n",
    "print(\"S:\")\n",
    "print(aS)\n",
    "print(\"V_T:\")\n",
    "print(aV_T)\n",
    "print(\"Examine SVD\")\n",
    "print(\"USV_T (Should be a):\")\n",
    "print(aU.dot(aS).dot(aV_T))\n",
    "print(\"Examine the orthogonal property\")\n",
    "print(\"UU_T (Should be I):\")\n",
    "print(aU.dot(aU.T))\n",
    "print(\"U_TU (Should be I)\")\n",
    "print(aU.T.dot(aU))\n",
    "print(\"VV_T (Should be I):\")\n",
    "print(aV_T.T.dot(aV_T))\n",
    "print(\"V_TV (Should be I)\")\n",
    "print(aV_T.dot(aV_T.T))"
   ]
  },
  {
   "cell_type": "code",
   "execution_count": 5,
   "id": "1fdefe83-b5be-4e94-8f06-ab46ba7b855f",
   "metadata": {},
   "outputs": [
    {
     "name": "stdout",
     "output_type": "stream",
     "text": [
      "U:\n",
      "[[-0.26326666 -0.80310422  0.53452248]\n",
      " [-0.45845408 -0.38335717 -0.80178373]\n",
      " [-0.84882891  0.45613693  0.26726124]]\n",
      "S:\n",
      "[[2.01804322e+01 0.00000000e+00 0.00000000e+00 0.00000000e+00]\n",
      " [0.00000000e+00 1.65835898e+00 0.00000000e+00 0.00000000e+00]\n",
      " [0.00000000e+00 0.00000000e+00 1.00000000e-15 0.00000000e+00]]\n",
      "V_T:\n",
      "[[-0.37563275 -0.45345812 -0.5312835  -0.60910887]\n",
      " [ 0.74759617  0.30720633 -0.13318351 -0.57357335]\n",
      " [ 0.5        -0.83333333  0.16666667  0.16666667]\n",
      " [ 0.2236068   0.0745356  -0.81989159  0.52174919]]\n",
      "Examine SVD\n",
      "USV_T (Should be a):\n",
      "[[ 1.  2.  3.  4.]\n",
      " [ 3.  4.  5.  6.]\n",
      " [ 7.  8.  9. 10.]]\n",
      "Examine the orthogonal property\n",
      "UU_T (Should be I):\n",
      "[[ 1.00000000e+00 -1.11022302e-16  0.00000000e+00]\n",
      " [-1.11022302e-16  1.00000000e+00  1.94289029e-16]\n",
      " [ 0.00000000e+00  1.94289029e-16  1.00000000e+00]]\n",
      "U_TU (Should be I)\n",
      "[[ 1.00000000e+00  2.22044605e-16  5.55111512e-17]\n",
      " [ 2.22044605e-16  1.00000000e+00 -4.99600361e-16]\n",
      " [ 5.55111512e-17 -4.99600361e-16  1.00000000e+00]]\n",
      "VV_T (Should be I):\n",
      "[[ 1.00000000e+00 -7.42461648e-16  0.00000000e+00 -2.77555756e-17]\n",
      " [-7.42461648e-16  1.00000000e+00  1.52655666e-16 -4.85722573e-17]\n",
      " [ 0.00000000e+00  1.52655666e-16  1.00000000e+00  4.44089210e-16]\n",
      " [-2.77555756e-17 -4.85722573e-17  4.44089210e-16  1.00000000e+00]]\n",
      "V_TV (Should be I)\n",
      "[[ 1.00000000e+00  9.99200722e-16  1.52655666e-16  6.66133815e-16]\n",
      " [ 9.99200722e-16  1.00000000e+00 -3.05311332e-16 -2.22044605e-16]\n",
      " [ 1.52655666e-16 -3.05311332e-16  1.00000000e+00 -6.93889390e-17]\n",
      " [ 6.66133815e-16 -2.22044605e-16 -6.93889390e-17  1.00000000e+00]]\n"
     ]
    }
   ],
   "source": [
    "b = np.array([[1,2,3,4],\n",
    "              [3,4,5,6],\n",
    "              [7,8,9,10]])\n",
    "bU, bS, bV_T = my_SVD(b)\n",
    "print(\"U:\")\n",
    "print(bU)\n",
    "print(\"S:\")\n",
    "print(bS)\n",
    "print(\"V_T:\")\n",
    "print(bV_T)\n",
    "print(\"Examine SVD\")\n",
    "print(\"USV_T (Should be a):\")\n",
    "print(bU.dot(bS).dot(bV_T))\n",
    "print(\"Examine the orthogonal property\")\n",
    "print(\"UU_T (Should be I):\")\n",
    "print(bU.dot(bU.T))\n",
    "print(\"U_TU (Should be I)\")\n",
    "print(bU.T.dot(bU))\n",
    "print(\"VV_T (Should be I):\")\n",
    "print(bV_T.T.dot(bV_T))\n",
    "print(\"V_TV (Should be I)\")\n",
    "print(bV_T.dot(bV_T.T))"
   ]
  }
 ],
 "metadata": {
  "kernelspec": {
   "display_name": "Python 3 (ipykernel)",
   "language": "python",
   "name": "python3"
  },
  "language_info": {
   "codemirror_mode": {
    "name": "ipython",
    "version": 3
   },
   "file_extension": ".py",
   "mimetype": "text/x-python",
   "name": "python",
   "nbconvert_exporter": "python",
   "pygments_lexer": "ipython3",
   "version": "3.8.10"
  }
 },
 "nbformat": 4,
 "nbformat_minor": 5
}
